+79825196209
+79825195052
+79825191967
+79825191819
+79825191559
+79825191400
+79825190967
+79825190845
+79825190777
+79825190258
+79825190131
+79825189007
+79825184133
+79825182896
+79825182855
+79825179837
+79825179713
+79825171569
+79825164649
+79825161095
+79825160721
+79825159385
+79825159184
+79825157009
+79825156931
+79825152000
+79825151550
+79825144878
+79825138796
+79825138578
+79825132609
+79825132318
+79825131980
+79825130781
+79825130733
+79825120001
+79825111669
+79825107978
+79825107511
+79825105454
+79825104811
+79825100800
+79825099822
+79825094846
+79825094543
+79825094482
+79825093857
+79825090247
+79825089784
+79825083174
+79825082987
+79825080258
+79825077777
+79825065465
+79825056969
+79825054342
+79825054324
+79825053661
+79825038826
+79825034133
+79825030251
+79825029678
+79825028192
+79825024071
+79825021419
+79825021170
+79825019905
+79825012286
+79825011537
+79825009888
+79825007773
+79825006569
+79825004512
+79825001724
+79825001311
+79825001300
+79824191110
+79824190101
+79824189972
+79824182821
+79824178488
+79824177571
+79824177409
+79824177403
+79824174454
+79824174333
+79824170501
+79824163877
+79824162478
+79824157196
+79824141191
+79824140029
+79824139099
+79824138333
+79824137666
+79824134777
+79824133432
+79824133344
+79824133114
+79824133073
+79824133043
+79824131540
+79824131525
+79824131330
+79824131213
+79824130526
+79824130035
+79824128493
+79824126554
+79824125031
+79824124177
+79824122624
+79824117298
+79824114090
+79824111508
+79824110791
+79824106098
+79822292927
+79822292880
+79822289943
+79822284210
+79822274940
+79822266600
+79822229163
+79822228659
+79822227988
+79822218208
+79822214178
+79822205603
+79822205479
+79822204492
+79822191054
+79822180384
+79822177099
+79822175356
+79822156913
+79822149181
+79822142638
+79822136527
+79822132189
+79822125330
+79822120068
+79822113994
+79822103958
+79822101228
+79822100870
+79822091978
+79822087361
+79822085823
+79822083932
+79822081171
+79822072748
+79822071181
+79822058400
+79822052504
+79822048596
+79822047441
+79822045051
+79822042165
+79822027272
+79822024090
+79822021991
+79822016987
+79822012948
+79822010965
+79822010911
+79822008111
+79822004441
+79822002095
+79822001825
+79821965744
+79821960636
+79821957488
+79821956768
+79821953485
+79821950576
+79821948613
+79821939088
+79821936897
+79821936176
+79821933224
+79821931632
+79821931555
+79821929417
+79821929003
+79821928040
+79821921841
+79821914808
+79821910588
+79821907958
+79821907119
+79821905573
+79821902624
+79821901491
+79821899100
+79821897003
+79821889999
+79821884296
+79821883917
+79821883501
+79821880758
+79821873049
+79821864655
+79821864344
+79821861878
+79821858033
+79821856814
+79821841014
+79821835447
+79821826232
+79821823566
+79821819621
+79821817833
+79821816785
+79821814948
+79821808495
+79821808309
+79821806433
+79821802787
+79821521761
+79821492656
+79821490163
+79821488395
+79821481927
+79821479980
+79821477643
+79821476255
+79821467958
+79821451973
+79821435937
+79821428473
+79821427177
+79821425489
+79821406305
+79821404495
+79821397925
+79821389271
+79821384041
+79821378124
+79821364636
+79821355929
+79821350045
+79821339010
+79821300050
+79818650671
+79817557954
+79810078550
+79800363452
+79800360824
+79786771344
+79786769704
+79781669338
+79776795109
+79687747171
+79682463577
+79682046060
+79682025050
+79682020006
+79678996707
+79678991115
+79678989158
+79678987777
+79678980000
+79678976027
+79678968613
+79678895008
+79678884901
+79678862606
+79678855888
+79678855533
+79678850846
+79678848400
+79678847346
+79678838964
+79678814897
+79678804908
+79673063575
+79672878517
+79658330881
+79656522312
+79641793388
+79641764834
+79641758133
+79641757644
+79641750001
+79641731139
+79641721385
+79641720001
+79641700033
+79634920112
+79634911411
+79634910806
+79632777686
+79630710777
+79628500583
+79626843936
+79623524470
+79615555529
+79615533406
+79615098944
+79602830781
+79588840811
+79588744979
+79582777786
+79581559275
+79581550515
+79581514569
+79528419155
+79527395002
+79527249867
+79527246245
+79527234180
+79527227318
+79527224120
+79527209552
+79527207839
+79527189588
+79527175327
+79527172734
+79527169561
+79527164027
+79527148551
+79527146697
+79527130246
+79527128036
+79527123870
+79527107396
+79527101290
+79527077007
+79527070850
+79527070015
+79527066864
+79527065541
+79527048822
+79527046677
+79527042333
+79527012934
+79527002222
+79526997176
+79526996821
+79526990320
+79526987183
+79526979298
+79526976891
+79526976468
+79526960341
+79526929805
+79526902577
+79526787705
+79519822646
+79519817327
+79519810286
+79519808520
+79519794997
+79519792992
+79519791216
+79519784593
+79519776017
+79519774742
+79519772099
+79519766833
+79519760969
+79519746955
+79519723288
+79519715040
+79519703124
+79519701256
+79519693258
+79519691566
+79519675091
+79519631787
+79519628608
+79519625423
+79519620701
+79519618881
+79519610515
+79519610011
+79519606696
+79517848484
+79517723540
+79514892588
+79512708000
+79505393797
+79505379048
+79505357550
+79505346191
+79505339914
+79505338880
+79505335632
+79505325056
+79505322467
+79505321673
+79505308878
+79505301503
+79505284117
+79505276040
+79505259535
+79505258654
+79505234673
+79505226637
+79505226068
+79505214513
+79505213741
+79505202598
+79505199413
+79505199257
+79505191516
+79505187362
+79505180572
+79505180364
+79505180332
+79505180056
+79505178682
+79505173600
+79505145550
+79505140291
+79505132496
+79505129650
+79505126321
+79505111177
+79505109833
+79505106465
+79505105010
+79505100834
+79505100747
+79505100518
+79505100006
+79505095149
+79505094332
+79505085563
+79505081031
+79505066100
+79505051287
+79505051178
+79505049949
+79505049375
+79505048420
+79505048336
+79505044850
+79505019100
+79505016114
+79505015711
+79505012644
+79505010515
+79503108710
+79395560246
+79375084779
+79373779599
+79373481049
+79373309122
+79373041824
+79370029499
+79365037371
+79361869522
+79327076767
+79326507358
+79325454545
+79324825911
+79324729392
+79324405757
+79324405158
+79324405034
+79324402695
+79324401444
+79324401282
+79324399766
+79324396950
+79324395242
+79324393469
+79324391851
+79324389859
+79324385570
+79324375382
+79324371679
+79324371205
+79324369085
+79324365045
+79324361696
+79324355044
+79324355040
+79324346520
+79324345521
+79324344865
+79324344046
+79324340280
+79324336969
+79324336660
+79324333440
+79324330461
+79324329970
+79324328989
+79324327161
+79324317944
+79324316633
+79324314601
+79324312728
+79324305553
+79324303361
+79324301313
+79324295700
+79324288416
+79324287711
+79324282100
+79324281678
+79324278883
+79324277227
+79324270908
+79324267020
+79324255511
+79324254446
+79324254255
+79324254220
+79324252954
+79324252032
+79324245277
+79324240680
+79324239575
+79324239195
+79324238861
+79324228408
+79324227775
+79324222610
+79324213742
+79324212121
+79324212086
+79324204403
+79324204021
+79324202809
+79324196414
+79324191028
+79324188897
+79324181430
+79324179807
+79324174686
+79324174633
+79324174232
+79324171126
+79324170606
+79324166311
+79324165501
+79324165087
+79324165049
+79324164695
+79324164355
+79324163669
+79324163435
+79324163393
+79324163216
+79324162531
+79324162512
+79324161985
+79324151202
+79324147865
+79324147600
+79324146437
+79324140808
+79324137678
+79324136927
+79324135755
+79324135132
+79324134411
+79324132063
+79324131399
+79324130007
+79324127770
+79324126076
+79324122913
+79324120005
+79324118933
+79324111777
+79324111415
+79324105501
+79324104044
+79324096969
+79324091776
+79324083484
+79324082566
+79324081434
+79324081358
+79324068636
+79324067700
+79324067409
+79324066648
+79324059196
+79324058551
+79324049222
+79324048459
+79324041834
+79324037304
+79324034561
+79324031601
+79324029995
+79324028498
+79324026160
+79324025756
+79324025523
+79324018887
+79324014927
+79324010000
+79324009081
+79324008924
+79324008250
+79324007936
+79324007651
+79324006292
+79324006271
+79324006101
+79324004078
+79324001878
+79324001790
+79324001618
+79324001518
+79324000827
+79324000693
+79324000486
+79324000384
+79324000181
+79324000123
+79324000012
+79323266386
+79323238381
+79323220225
+79322577794
+79322570000
+79322561415
+79322559155
+79322558442
+79322543192
+79322541608
+79322538432
+79322529539
+79322526965
+79322524420
+79322524022
+79322522346
+79322512044
+79322510144
+79322510133
+79322507348
+79322507333
+79322505889
+79322497785
+79322492336
+79322490988
+79322490255
+79322484955
+79322481262
+79322478278
+79322474333
+79322474222
+79322472436
+79322000023
+79321186645
+79316122054
+79312795495
+79299004797
+79298833568
+79294512973
+79292985972
+79292984747
+79292984029
+79292977737
+79292977114
+79292974351
+79292970593
+79292969064
+79292967605
+79292966614
+79292958999
+79292957962
+79292953545
+79292949608
+79292944605
+79292934773
+79292934292
+79292929244
+79292923292
+79292922252
+79292587777
+79292499108
+79292496031
+79292489961
+79292487840
+79292477500
+79292463434
+79292462088
+79292461810
+79292456801
+79292452510
+79292438777
+79292434201
+79292432021
+79292431405
+79292427959
+79292424652
+79292416580
+79292414709
+79292074078
+79292040106
+79289752968
+79285728843
+79285448280
+79285336570
+79284271204
+79283647486
+79282757128
+79279626109
+79277296055
+79274636699
+79273433221
+79272490484
+79268824300
+79267166814
+79261912727
+79261471069
+79261241722
+79260421313
+79258089186
+79250862222
+79250197266
+79237696802
+79234442575
+79229999989
+79229292229
+79229005001
+79227999822
+79227996895
+79227996817
+79227992287
+79227991556
+79227990119
+79227989994
+79227989940
+79227989641
+79227989460
+79227989352
+79227989245
+79227989200
+79227989187
+79227989158
+79227988862
+79227988812
+79227987900
+79227987691
+79227986970
+79227986929
+79227986760
+79227986734
+79227986093
+79227985360
+79227984057
+79227983594
+79227983066
+79227982604
+79227982286
+79227982200
+79227982067
+79227982001
+79227981638
+79227981303
+79227981227
+79227981175
+79227980765
+79227980579
+79227980469
+79227980443
+79227980414
+79227980407
+79227979701
+79227979681
+79227979580
+79227979330
+79227978648
+79227978299
+79227978090
+79227977635
+79227977554
+79227976777
+79227976731
+79227976459
+79227976348
+79227975926
+79227975844
+79227975753
+79227975686
+79227975639
+79227975636
+79227975612
+79227974905
+79227974392
+79227974301
+79227973969
+79227973911
+79227973533
+79227973307
+79227972864
+79227971580
+79227971161
+79227970550
+79227970444
+79227970112
+79227970065
+79227969799
+79227969470
+79227969366
+79227968496
+79227968395
+79227967692
+79227967686
+79227967197
+79227966781
+79227966345
+79227966171
+79227966109
+79227963956
+79227963890
+79227963630
+79227963613
+79227963206
+79227963117
+79227963001
+79227960740
+79227960662
+79227960577
+79227960476
+79227960391
+79227947927
+79227943895
+79227939093
+79227938975
+79227937099
+79227930092
+79227927638
+79227925757
+79227924524
+79227920645
+79227920402
+79227917298
+79227915543
+79227913889
+79227913395
+79227910784
+79227906656
+79227904525
+79227901546
+79227898882
+79227896648
+79227894088
+79227894022
+79227893701
+79227891570
+79227888999
+79227888312
+79227886748
+79227885851
+79227882626
+79227881774
+79227879395
+79227875593
+79227872084
+79227870777
+79227864356
+79227859514
+79227858948
+79227853189
+79227850777
+79227849844
+79227849838
+79227849577
+79227847470
+79227847351
+79227847090
+79227846613
+79227846355
+79227845909
+79227845637
+79227845540
+79227845306
+79227843437
+79227834415
+79227831414
+79227831049
+79227827111
+79227825203
+79227822967
+79227821682
+79227811896
+79227811186
+79227808108
+79227808045
+79227806655
+79227805299
+79227805067
+79227804242
+79227799459
+79227799195
+79227797774
+79227797077
+79227795031
+79227792411
+79227792111
+79227790018
+79227789562
+79227788593
+79227788333
+79227784465
+79227779355
+79227778040
+79227778024
+79227777872
+79227777845
+79227777339
+79227777125
+79227777116
+79227776900
+79227774700
+79227774488
+79227774256
+79227774125
+79227774107
+79227773766
+79227773465
+79227773393
+79227773376
+79227773202
+79227773116
+79227772607
+79227772500
+79227772307
+79227772300
+79227772216
+79227771539
+79227771452
+79227771397
+79227771234
+79227770726
+79227770707
+79227770667
+79227770497
+79227769749
+79227769300
+79227769185
+79227768520
+79227768300
+79227767857
+79227767759
+79227767700
+79227767549
+79227766919
+79227766846
+79227766783
+79227766735
+79227766718
+79227766359
+79227766046
+79227765487
+79227765098
+79227762009
+79227758665
+79227757678
+79227752233
+79227752147
+79227751660
+79227749544
+79227746093
+79227745458
+79227744888
+79227744692
+79227741765
+79227738326
+79227738144
+79227737892
+79227737340
+79227733261
+79227731355
+79227728382
+79227727882
+79227727777
+79227727387
+79227725202
+79227724725
+79227720262
+79227717277
+79227716465
+79227714942
+79227714627
+79227711173
+79227703777
+79227701803
+79227700009
+79227699433
+79227691329
+79227689671
+79227688220
+79227684488
+79227683669
+79227678074
+79227677725
+79227676509
+79227674521
+79227674254
+79227673872
+79227671687
+79227671000
+79227670052
+79227668812
+79227668318
+79227668181
+79227668000
+79227666766
+79227666688
+79227665656
+79227665545
+79227664777
+79227664299
+79227661699
+79227660274
+79227660232
+79227660215
+79227660066
+79227659952
+79227659896
+79227659490
+79227658777
+79227657130
+79227655563
+79227655210
+79227650998
+79227650807
+79227647663
+79227646003
+79227645444
+79227642863
+79227641564
+79227638994
+79227637052
+79227633174
+79227631962
+79227631095
+79227630642
+79227629487
+79227628929
+79227628539
+79227627224
+79227626700
+79227619676
+79227614348
+79227613888
+79227612587
+79227611381
+79227609157
+79227600796
+79227600664
+79227313131
+79227165521
+79227155386
+79226599542
+79226597990
+79226597424
+79226597377
+79226597169
+79226596908
+79226595998
+79226593830
+79226593500
+79226592075
+79226592017
+79226591461
+79226588806
+79226588356
+79226587785
+79226587616
+79226586717
+79226586628
+79226584433
+79226584349
+79226583630
+79226583468
+79226581857
+79226579503
+79226578785
+79226577062
+79226576777
+79226576516
+79226574770
+79226572123
+79226569590
+79226566778
+79226565055
+79226565022
+79226564621
+79226564600
+79226561643
+79226561474
+79226554865
+79226549918
+79226549873
+79226549767
+79226549764
+79226549241
+79226548669
+79226548202
+79226547778
+79226547764
+79226547719
+79226547680
+79226547585
+79226547271
+79226547220
+79226547128
+79226547089
+79226547072
+79226546935
+79226546775
+79226546611
+79226546466
+79226546418
+79226546241
+79226546033
+79226545584
+79226545450
+79226545423
+79226545371
+79226545355
+79226545309
+79226545266
+79226545136
+79226545050
+79226544889
+79226544828
+79226544771
+79226544268
+79226544208
+79226544189
+79226544178
+79226544144
+79226544090
+79226543277
+79226542905
+79226542628
+79226542510
+79226542151
+79226542101
+79226541979
+79226541868
+79226541475
+79226541445
+79226541415
+79226541316
+79226541167
+79226541062
+79226541053
+79226540718
+79226540711
+79226540701
+79226540509
+79226540440
+79226540341
+79226540295
+79226540283
+79226540251
+79226540102
+79226539993
+79226539779
+79226539704
+79226539670
+79226539418
+79226539222
+79226538885
+79226538587
+79226538577
+79226538463
+79226538279
+79226538085
+79226537826
+79226537480
+79226537473
+79226537171
+79226537170
+79226536922
+79226536831
+79226536774
+79226536694
+79226536649
+79226536637
+79226536233
+79226536119
+79226535811
+79226535512
+79226535393
+79226535351
+79226535102
+79226534956
+79226533983
+79226533926
+79226533901
+79226533872
+79226533843
+79226533689
+79226533501
+79226533357
+79226533236
+79226532656
+79226532643
+79226532096
+79226532065
+79226531999
+79226531230
+79226531153
+79226531012
+79226530827
+79226530763
+79226530724
+79226530137
+79226530108
+79226530010
+79226529878
+79226529680
+79226529610
+79226529460
+79226529410
+79226529144
+79226529027
+79226528992
+79226528966
+79226528952
+79226528667
+79226528442
+79226528283
+79226528268
+79226528238
+79226528205
+79226528161
+79226527887
+79226527005
+79226526759
+79226526666
+79226526596
+79226526557
+79226526367
+79226526342
+79226526064
+79226526045
+79226525994
+79226525929
+79226525788
+79226525660
+79226525128
+79226525105
+79226524973
+79226524750
+79226524727
+79226524649
+79226524634
+79226524628
+79226524610
+79226524333
+79226524263
+79226524192
+79226523924
+79226523737
+79226523566
+79226523303
+79226523302
+79226522901
+79226522800
+79226522626
+79226522012
+79226521985
+79226521983
+79226521927
+79226521747
+79226521689
+79226521525
+79226521275
+79226521234
+79226521111
+79226520910
+79226520839
+79226520616
+79226520561
+79226520454
+79226520381
+79226520246
+79226517960
+79226517610
+79226514239
+79226513313
+79226512113
+79226510814
+79226508366
+79226507917
+79226507410
+79226507358
+79226504063
+79226503944
+79226501798
+79226501722
+79226501706
+79226501288
+79226501198
+79226386555
+79226316394
+79225631576
+79225544568
+79225458854
+79225248777
+79224893949
+79224874568
+79224790090
+79224777756
+79224713990
+79224534667
+79224498155
+79224495471
+79224495106
+79224494254
+79224492997
+79224490178
+79224488471
+79224488453
+79224485329
+79224483232
+79224481021
+79224480183
+79224479966
+79224478775
+79224478289
+79224477784
+79224475222
+79224470132
+79224470048
+79224470023
+79224468684
+79224468478
+79224468433
+79224468243
+79224468010
+79224467670
+79224465733
+79224465305
+79224465083
+79224460444
+79224458921
+79224458073
+79224457745
+79224455536
+79224454580
+79224454572
+79224450090
+79224449633
+79224449303
+79224448313
+79224448122
+79224448010
+79224447554
+79224447272
+79224446043
+79224445010
+79224444468
+79224441112
+79224440177
+79224440015
+79224439735
+79224436011
+79224435420
+79224434134
+79224433032
+79224430173
+79224424662
+79224424651
+79224423801
+79224420246
+79224419114
+79224416367
+79224411464
+79224411108
+79224410467
+79224409059
+79224408085
+79224406747
+79224405700
+79224405508
+79224405062
+79224403706
+79224400314
+79224399260
+79224398330
+79224397082
+79224392959
+79224392218
+79224391313
+79224391253
+79224383995
+79224382177
+79224381321
+79224379153
+79224373927
+79224372848
+79224372680
+79224369421
+79224368241
+79224367614
+79224365314
+79224363130
+79224361114
+79224359099
+79224357397
+79224353368
+79224351985
+79224347081
+79224344490
+79224344004
+79224343462
+79224343355
+79224343235
+79224342333
+79224339995
+79224336819
+79224333314
+79224333001
+79224332806
+79224332227
+79224332003
+79224329453
+79224328208
+79224327939
+79224327714
+79224319411
+79224314042
+79224312180
+79224312007
+79224311020
+79224310956
+79224310923
+79224309553
+79224307111
+79224306034
+79224305561
+79224300202
+79224300058
+79224299333
+79224298959
+79224296050
+79224295360
+79224290854
+79224288715
+79224288199
+79224286735
+79224286218
+79224285150
+79224283800
+79224282566
+79224282181
+79224281799
+79224280266
+79224277730
+79224276893
+79224276659
+79224275046
+79224272940
+79224270016
+79224269164
+79224264814
+79224263462
+79224262606
+79224261990
+79224261049
+79224258828
+79224257827
+79224256787
+79224255986
+79224253215
+79224252264
+79224252197
+79224252163
+79224252113
+79224252061
+79224252001
+79224250999
+79224250995
+79224250969
+79224249301
+79224249086
+79224247557
+79224247139
+79224246524
+79224246090
+79224245844
+79224242430
+79224242223
+79224240580
+79224238551
+79224237319
+79224234622
+79224234252
+79224234226
+79224232495
+79224230888
+79224230625
+79224230216
+79224229242
+79224228989
+79224228227
+79224228201
+79224227902
+79224227766
+79224226444
+79224225988
+79224225300
+79224222227
+79224220627
+79224220407
+79224217907
+79224217224
+79224213079
+79224212256
+79224211822
+79224210474
+79224210287
+79224208776
+79224208205
+79224205667
+79224204541
+79224204277
+79224204222
+79224202250
+79224200427
+79224197741
+79224197524
+79224196932
+79224196603
+79224194236
+79224193010
+79224192447
+79224191116
+79224190666
+79224190090
+79224189931
+79224184633
+79224184141
+79224183325
+79224182965
+79224180997
+79224180843
+79224179033
+79224177163
+79224175617
+79224173697
+79224172092
+79224170417
+79224166333
+79224165086
+79224164595
+79224159942
+79224159898
+79224156515
+79224156303
+79224155277
+79224154377
+79224154126
+79224152646
+79224151424
+79224150294
+79224149605
+79224148101
+79224146930
+79224146776
+79224144999
+79224144008
+79224143155
+79224142390
+79224142264
+79224140286
+79224137096
+79224136414
+79224134550
+79224134139
+79224131315
+79224131003
+79224129944
+79224128433
+79224127789
+79224127412
+79224126876
+79224125951
+79224125062
+79224124126
+79224123524
+79224122392
+79224122221
+79224121242
+79224119194
+79224118981
+79224118511
+79224116905
+79224116555
+79224115505
+79224114848
+79224114777
+79224113998
+79224113623
+79224113595
+79224113311
+79224113282
+79224111941
+79224110645
+79224109712
+79224109611
+79224108864
+79224108232
+79224107535
+79224104895
+79224103842
+79224103630
+79224102952
+79224102792
+79224102110
+79224100900
+79224100660
+79224100497
+79224100222
+79224099949
+79224099392
+79224095665
+79224094661
+79224092690
+79224090678
+79224089094
+79224087078
+79224086909
+79224085265
+79224084358
+79224083233
+79224083041
+79224080583
+79224077800
+79224077787
+79224076084
+79224075582
+79224074811
+79224074067
+79224071148
+79224070701
+79224070686
+79224070600
+79224069466
+79224069008
+79224068969
+79224067898
+79224065111
+79224064660
+79224064175
+79224064111
+79224063921
+79224062838
+79224061866
+79224060506
+79224058687
+79224058618
+79224057979
+79224057960
+79224056502
+79224054064
+79224053626
+79224052589
+79224049382
+79224049159
+79224047379
+79224046210
+79224044404
+79224044148
+79224044078
+79224043150
+79224043094
+79224042230
+79224042211
+79224041483
+79224040608
+79224040536
+79224040412
+79224040168
+79224038444
+79224035323
+79224033623
+79224032551
+79224029889
+79224029009
+79224028663
+79224027613
+79224027182
+79224025687
+79224023902
+79224023557
+79224020349
+79224019108
+79224016858
+79224016082
+79224015387
+79224013121
+79224009239
+79224009107
+79224009105
+79224008883
+79224008555
+79224007610
+79224007513
+79224006141
+79224003753
+79224003602
+79224002422
+79224002282
+79224002204
+79224002056
+79224001592
+79224001323
+79224000663
+79224000646
+79224000373
+79223922222
+79223377778
+79222888979
+79222868136
+79222656505
+79222644914
+79222599996
+79222599460
+79222599411
+79222599404
+79222599341
+79222599304
+79222599120
+79222598983
+79222598445
+79222598024
+79222597422
+79222596514
+79222596067
+79222594976
+79222594799
+79222594661
+79222594517
+79222594445
+79222594410
+79222594276
+79222594209
+79222594139
+79222594098
+79222594090
+79222594033
+79222593794
+79222593793
+79222593771
+79222593560
+79222593419
+79222593283
+79222593112
+79222593103
+79222593061
+79222592784
+79222592574
+79222592225
+79222591891
+79222590750
+79222589120
+79222588977
+79222587900
+79222587707
+79222587701
+79222586878
+79222585982
+79222585711
+79222584105
+79222582521
+79222582209
+79222580407
+79222579650
+79222577910
+79222573947
+79222573020
+79222572911
+79222572645
+79222571367
+79222571131
+79222571111
+79222571070
+79222570775
+79222567776
+79222567237
+79222566781
+79222564848
+79222563597
+79222561666
+79222561649
+79222561346
+79222561288
+79222560797
+79222560065
+79222555595
+79222552087
+79222549951
+79222549898
+79222549877
+79222549857
+79222549560
+79222549404
+79222549038
+79222548619
+79222548421
+79222548374
+79222548137
+79222548136
+79222548078
+79222547712
+79222547598
+79222547571
+79222547383
+79222547300
+79222547269
+79222546999
+79222546785
+79222546661
+79222546645
+79222546496
+79222546103
+79222545772
+79222545739
+79222545685
+79222545656
+79222545505
+79222545228
+79222545122
+79222545115
+79222545102
+79222545100
+79222544962
+79222544314
+79222544284
+79222544155
+79222544030
+79222544016
+79222543994
+79222543833
+79222543685
+79222543524
+79222543484
+79222543294
+79222543139
+79222543137
+79222543006
+79222542928
+79222542786
+79222542622
+79222542221
+79222542138
+79222542107
+79222542099
+79222542037
+79222542007
+79222541955
+79222541953
+79222541823
+79222541572
+79222541560
+79222541048
+79222541031
+79222540885
+79222540297
+79222540270
+79222540141
+79222539870
+79222539726
+79222539381
+79222539313
+79222539294
+79222539216
+79222539095
+79222539075
+79222538959
+79222538938
+79222538822
+79222538616
+79222538446
+79222538053
+79222538037
+79222537734
+79222537183
+79222536925
+79222536840
+79222536833
+79222536783
+79222536717
+79222536667
+79222536625
+79222536600
+79222536524
+79222536034
+79222536033
+79222535972
+79222535884
+79222535810
+79222535722
+79222535710
+79222535695
+79222535557
+79222535364
+79222535334
+79222535218
+79222534611
+79222534414
+79222534260
+79222534204
+79222534185
+79222534184
+79222534146
+79222534033
+79222534023
+79222533807
+79222533801
+79222533688
+79222533569
+79222533541
+79222533504
+79222533369
+79222533349
+79222533292
+79222533184
+79222533015
+79222532961
+79222532956
+79222532829
+79222532468
+79222532371
+79222532217
+79222532179
+79222532121
+79222531961
+79222531959
+79222531919
+79222531831
+79222531729
+79222531686
+79222531606
+79222531551
+79222531247
+79222531199
+79222531181
+79222531144
+79222531136
+79222531101
+79222531049
+79222531046
+79222531015
+79222530943
+79222530938
+79222530884
+79222530770
+79222530758
+79222530727
+79222530686
+79222530605
+79222530462
+79222530446
+79222530443
+79222530414
+79222530297
+79222530171
+79222530102
+79222530075
+79222530063
+79222529739
+79222529505
+79222529333
+79222528892
+79222528626
+79222528161
+79222528008
+79222526856
+79222525821
+79222525523
+79222525490
+79222525402
+79222525339
+79222525249
+79222525150
+79222522836
+79222522248
+79222520004
+79222519851
+79222519798
+79222518735
+79222517152
+79222516312
+79222515217
+79222515149
+79222514655
+79222514416
+79222514002
+79222513981
+79222513937
+79222513641
+79222513421
+79222513326
+79222513111
+79222511868
+79222511721
+79222511275
+79222511137
+79222510928
+79222509823
+79222509132
+79222508805
+79222508776
+79222508420
+79222508238
+79222508033
+79222507902
+79222506886
+79222506872
+79222506720
+79222506544
+79222506306
+79222505345
+79222504789
+79222504659
+79222504061
+79222504043
+79222503960
+79222503663
+79222503654
+79222503556
+79222503507
+79222502683
+79222502094
+79222501276
+79222501267
+79222500406
+79222500404
+79222500327
+79222500118
+79222498490
+79222497810
+79222496671
+79222496631
+79222496580
+79222493939
+79222492776
+79222491520
+79222491010
+79222490411
+79222490408
+79222489741
+79222489736
+79222488807
+79222488770
+79222487288
+79222486803
+79222486701
+79222484860
+79222483162
+79222482424
+79222481565
+79222481165
+79222480642
+79222480285
+79222479299
+79222479057
+79222478999
+79222477708
+79222476185
+79222475811
+79222474498
+79222474488
+79222473789
+79222473343
+79222473303
+79222473278
+79222473277
+79222473222
+79222471977
+79222471202
+79222471109
+79222471104
+79222433444
+79222303156
+79222272127
+79222252221
+79222223327
+79222222388
+79222222222
+79222197010
+79222155011
+79222006489
+79221313596
+79221254458
+79221025003
+79220666666
+79220600326
+79220487448
+79220306030
+79220227888
+79220034351
+79220030754
+79220022001
+79220003455
+79219418216
+79219355148
+79218528385
+79216574440
+79216538608
+79210092032
+79210067044
+79205510888
+79201684248
+79199507201
+79199359044
+79199235357
+79197777783
+79196043911
+79195809089
+79195385022
+79195361476
+79195306286
+79194507019
+79189532030
+79189138298
+79183754605
+79182352011
+79181474327
+79178676033
+79178168817
+79177744891
+79177637097
+79176164696
+79175939108
+79172858607
+79172628334
+79170348955
+79169278747
+79169063884
+79168357788
+79165917732
+79164278788
+79163478046
+79139232326
+79138823320
+79136668761
+79132250670
+79129390000
+79129387337
+79129372423
+79129261796
+79129217000
+79129103222
+79129096566
+79129089057
+79129087845
+79129081502
+79129079229
+79129078215
+79129074253
+79129072986
+79129070101
+79129053354
+79129053145
+79129051440
+79129051090
+79129050800
+79129050653
+79129049747
+79129049155
+79129042920
+79129040533
+79129040508
+79129038967
+79129036237
+79129032990
+79129030026
+79129029606
+79129028955
+79129025205
+79129023685
+79129022259
+79129011967
+79129011700
+79129009527
+79129005323
+79129002411
+79129001502
+79129000086
+79129000012
+79128199857
+79128199446
+79128199209
+79128199020
+79128199000
+79128198931
+79128198877
+79128196306
+79128196080
+79128194464
+79128192135
+79128191939
+79128191919
+79128191391
+79128191313
+79128190970
+79128190924
+79128190727
+79128190086
+79128190072
+79128190019
+79128189552
+79128189191
+79128188686
+79128188474
+79128188338
+79128188090
+79128187782
+79128187090
+79128187086
+79128186875
+79128186854
+79128186813
+79128186710
+79128186369
+79128186308
+79128185985
+79128185454
+79128185200
+79128184588
+79128182826
+79128182424
+79128182283
+79128181815
+79128181208
+79128180932
+79128180689
+79128180650
+79128180601
+79128180193
+79128180150
+79128180010
+79128179517
+79128179494
+79128178747
+79128178020
+79128177794
+79128177766
+79128176510
+79128176062
+79128174777
+79128174504
+79128174394
+79128174250
+79128173612
+79128173332
+79128173232
+79128172565
+79128172417
+79128172333
+79128171996
+79128171624
+79128170484
+79128169986
+79128169675
+79128169665
+79128169559
+79128169209
+79128168897
+79128168885
+79128168817
+79128168375
+79128168128
+79128167902
+79128167855
+79128167796
+79128167755
+79128167727
+79128167625
+79128167370
+79128167066
+79128167046
+79128166994
+79128166773
+79128166694
+79128166680
+79128166643
+79128166606
+79128166592
+79128166191
+79128165667
+79128165663
+79128165490
+79128164746
+79128164588
+79128164400
+79128164240
+79128163055
+79128162122
+79128161947
+79128161916
+79128160701
+79128160488
+79128160320
+79128160260
+79128160249
+79128160228
+79128160093
+79128160057
+79128160037
+79128160018
+79128159582
+79128159467
+79128159244
+79128159009
+79128158488
+79128158080
+79128158070
+79128158050
+79128158006
+79128157537
+79128156821
+79128156643
+79128156462
+79128156193
+79128155892
+79128155880
+79128155839
+79128155815
+79128155703
+79128155573
+79128155374
+79128155168
+79128155121
+79128154992
+79128154609
+79128154455
+79128154416
+79128154136
+79128154105
+79128154084
+79128154070
+79128154058
+79128153555
+79128153388
+79128153348
+79128153049
+79128152996
+79128152405
+79128152367
+79128152323
+79128151856
+79128151811
+79128151397
+79128151358
+79128151342
+79128151322
+79128151167
+79128151037
+79128150522
+79128150330
+79128150279
+79128150208
+79128150188
+79128150174
+79128150120
+79128150102
+79128150084
+79128147271
+79128146712
+79128143215
+79128138524
+79128132611
+79128131638
+79128129976
+79128128877
+79128128326
+79128128052
+79128126715
+79128124274
+79128121640
+79128120787
+79128120076
+79128119818
+79128119356
+79128118507
+79128118413
+79128117947
+79128117724
+79128117652
+79128116291
+79128115077
+79128115020
+79128114449
+79128114292
+79128113211
+79128112171
+79128111066
+79128110617
+79128107626
+79128107182
+79128105775
+79128104609
+79126810797
+79126654100
+79125398515
+79125398153
+79125374801
+79125362048
+79125352593
+79125319252
+79125313641
+79125196830
+79125192779
+79125183517
+79125180925
+79125177782
+79125177758
+79125173858
+79125167257
+79125167116
+79125162306
+79125160873
+79125160203
+79125157454
+79125155088
+79125153428
+79125151805
+79125151622
+79125150717
+79125150539
+79125150447
+79125149154
+79125147020
+79125145162
+79125144245
+79125144230
+79125143463
+79125142675
+79125140915
+79125140724
+79125138866
+79125138231
+79125136937
+79125135625
+79125135581
+79125134549
+79125134416
+79125132512
+79125132495
+79125126135
+79125121606
+79125121561
+79125120193
+79125120085
+79125119652
+79125119230
+79125118152
+79125115711
+79125114255
+79125112685
+79125111946
+79125111766
+79125111660
+79125111389
+79125111111
+79125107929
+79125104247
+79125101850
+79124641088
+79124197976
+79124177673
+79124173270
+79124166530
+79124166096
+79124161730
+79124160599
+79124159334
+79124159109
+79124157716
+79124157665
+79124150807
+79124150603
+79124147232
+79124147097
+79124140720
+79124139205
+79124135658
+79124134429
+79124133456
+79124127155
+79124126866
+79124125516
+79124124443
+79124124283
+79124121336
+79124120126
+79124120120
+79124118301
+79124116968
+79124114772
+79124112888
+79124108131
+79124107014
+79124106592
+79124105626
+79124104918
+79124104600
+79124104201
+79124104071
+79124103049
+79123924346
+79122919344
+79122590184
+79122383746
+79121424646
+79120937072
+79120936169
+79120894069
+79120888888
+79120888817
+79120888636
+79120888533
+79120882858
+79120876118
+79120875671
+79120874984
+79120874147
+79120871713
+79120871497
+79120870003
+79120869003
+79120861945
+79120861487
+79120807471
+79120805767
+79120803873
+79120803553
+79120802310
+79120802280
+79119435866
+79118583494
+79118485413
+79118147861
+79117777086
+79110017227
+79108908555
+79104069286
+79097129390
+79097114928
+79097112240
+79097111111
+79097083738
+79096336999
+79095003362
+79090495454
+79090484734
+79090481730
+79090481221
+79090480001
+79090479844
+79090472427
+79090471208
+79090459548
+79090459365
+79090454636
+79090450009
+79090448321
+79090446505
+79090444004
+79090441166
+79090440601
+79090438333
+79090435993
+79090434224
+79090434045
+79090432240
+79090430303
+79090424775
+79090417784
+79090412392
+79090394236
+79090388647
+79090385405
+79090383294
+79090379090
+79090377676
+79090373795
+79090368429
+79090366777
+79090362323
+79090361912
+79090355588
+79090355485
+79090354568
+79090350350
+79090346365
+79090345455
+79090344834
+79090341577
+79090341574
+79090341501
+79090338616
+79090334333
+79090333555
+79090333302
+79090329090
+79090327234
+79090325515
+79090324909
+79090324894
+79090322693
+79090320880
+79090011906
+79088973533
+79088950987
+79088944948
+79088940043
+79088929922
+79088918470
+79088916562
+79088903702
+79088888775
+79088888660
+79088888170
+79088888154
+79088888031
+79088887921
+79088884177
+79088882208
+79088881784
+79088868876
+79088855891
+79088853744
+79088836534
+79088834458
+79088833544
+79088818808
+79088818584
+79088816220
+79088808349
+79088741553
+79088740984
+79088689918
+79082521477
+79080664637
+79068967582
+79068963655
+79068957775
+79068750855
+79068737380
+79068723401
+79061078988
+79060357610
+79058295442
+79058293441
+79058288308
+79058288293
+79058288114
+79058287779
+79058287714
+79058287221
+79058283053
+79058281666
+79058279388
+79058276970
+79058274875
+79058273635
+79058271946
+79058245908
+79058036969
+79053004602
+79050007189
+79048844721
+79048828718
+79048813303
+79048809923
+79048808877
+79048807666
+79048807096
+79048807094
+79048806600
+79048805750
+79048805430
+79048805280
+79048805051
+79048804898
+79048803486
+79048802000
+79048801616
+79048800715
+79048800270
+79048800105
+79048800033
+79048799643
+79048799208
+79048798942
+79048798721
+79048798060
+79048797947
+79048797479
+79048797353
+79048796888
+79048796172
+79048795571
+79048794189
+79048793732
+79048793626
+79048792409
+79048792077
+79048790037
+79048789978
+79048789778
+79048789748
+79048787871
+79048786847
+79048786688
+79048786582
+79048786491
+79048786395
+79048785777
+79048785409
+79048785376
+79048785230
+79048785216
+79048784563
+79048784412
+79048783949
+79048783948
+79048783947
+79048783870
+79048783560
+79048782999
+79048782592
+79048782485
+79048781877
+79048781730
+79048781711
+79048781473
+79048781114
+79048780374
+79048780303
+79048780036
+79048719239
+79048715803
+79048707229
+79048706797
+79048703402
+79044918020
+79044896116
+79044894400
+79044888444
+79044886065
+79044874638
+79044869375
+79044806246
+79044800431
+79044796448
+79044794541
+79044794381
+79044793211
+79044791452
+79044790500
+79044785639
+79044775911
+79044756531
+79044729797
+79044729684
+79044729604
+79044729444
+79044729152
+79044729046
+79044728757
+79044728644
+79044728627
+79044728383
+79044727889
+79044727868
+79044727743
+79044727726
+79044727722
+79044727686
+79044727584
+79044727472
+79044727451
+79044727287
+79044726722
+79044726668
+79044726629
+79044726510
+79044726363
+79044726033
+79044725889
+79044725832
+79044725574
+79044725494
+79044725460
+79044725417
+79044725289
+79044725238
+79044724694
+79044724687
+79044724646
+79044724343
+79044724270
+79044724248
+79044723930
+79044723878
+79044723539
+79044723523
+79044722838
+79044722805
+79044722327
+79044722269
+79044722149
+79044722078
+79044722000
+79044721951
+79044721878
+79044721601
+79044721590
+79044721156
+79044720858
+79044720700
+79044720695
+79044720546
+79044720374
+79044720333
+79044720297
+79044720280
+79044720054
+79044719954
+79044719571
+79044719542
+79044718868
+79044718111
+79044717916
+79044717899
+79044717809
+79044717744
+79044717530
+79044716900
+79044716795
+79044716764
+79044716304
+79044716035
+79044715062
+79044715060
+79044714422
+79044713479
+79044713452
+79044712702
+79044712555
+79044712440
+79044712425
+79044712327
+79044712013
+79044711920
+79044711674
+79044711655
+79044711550
+79044711234
+79044710714
+79044710505
+79044708665
+79044703307
+79044698774
+79044691684
+79044668717
+79044667898
+79044659332
+79044658874
+79044657434
+79044599775
+79044595200
+79044526095
+79044523555
+79044523379
+79044513116
+79028597677
+79028556208
+79028537385
+79028537055
+79028528757
+79028520818
+79028290154
+79028281585
+79028199180
+79028190620
+79028176913
+79028175406
+79028173837
+79028141517
+79026949883
+79026943001
+79026929014
+79026919898
+79026919191
+79026918914
+79026918855
+79026917777
+79026917566
+79026917317
+79026914911
+79026914798
+79026914457
+79026914088
+79026913933
+79026913072
+79026913038
+79026912979
+79026911873
+79026911789
+79026911217
+79026911005
+79026910909
+79026910869
+79026910050
+79026909915
+79026909162
+79026909088
+79026908060
+79026906950
+79026906709
+79026906618
+79026906607
+79026906238
+79026906001
+79026905902
+79026905596
+79026904848
+79026904220
+79026902223
+79026901772
+79026900666
+79026900665
+79026900504
+79026900082
+79026290990
+79024973497
+79024954100
+79024949002
+79024931086
+79024930871
+79024929040
+79024928723
+79024924366
+79024167723
+79021799998
+79014147735
+79006710077
+79003946100
+79003927700
+79003925212
+79003922770
+79003921832
+79003920336
+79003911946
+79003911841
+79003911385
+79003911007
+79003900052
+79003887248
+79003886042
+79003882870
+79003882836
+79003881011
+79003879777
+79003877123
+79003868837
+79003866337
+79003866252
+79003866040
+79003858863
+79003858410
+79003858300
+79003856005
+79003855400
+79002394849
+79000530297
+79000417297
+79996568880
+79995113555
+79995110784
+79992574526
+79991761074
+79966877047
+79966870487
+79966870113
+79966864344
+79966861189
+79963297005
+79963275059
+79963272773
+79963264907
+79963263722
+79959242746
+79956788866
+79926525505
+79923551284
+79923508647
+79877976180
+79875891117
+79855505555
+79832063226
+79831045044
+79829888898
+79828860331
+79828772105
+79827726605
+79825990132
+79825987445
+79825986089
+79825780555
+79825740523
+79825679870
+79825654609
+79825635978
+79825635043
+79825612345
+79825611075
+79825605823
+79825600301
+79825590004
+79825574255
+79825570913
+79825559284
+79825556843
+79825546223
+79825534499
+79825529858
+79825521988
+79825506558
+79825438273
+79825418154
+79825402044
+79825309091
+79825288191
+79825232311
+79825223891
+79825198111
+79825197512
+79825197114
+79825177123
+79825150999
+79825142815
+79825115807
+79825115113
+79825110524
+79825090553
+79825084940
+79825067551
+79825047588
+79825041572
+79825033394
+79825024197
+79825014797
+79825008328
+79824193339
+79824170711
+79824165838
+79824161042
+79824142170
+79824140648
+79824136564
+79824130525
+79824124070
+79824114444
+79824110174
+79824110165
+79822238611
+79822232823
+79822214196
+79822175007
+79822081502
+79822055075
+79821999265
+79821940107
+79821931731
+79821904262
+79821887787
+79821877802
+79821847043
+79821829007
+79821822618
+79821816019
+79821510915
+79821479354
+79821465362
+79821401078
+79821359673
+79789736098
+79775107527
+79698231601
+79678899000
+79678859424
+79653769999
+79641744003
+79641733667
+79640971535
+79625620662
+79584137638
+79527244490
+79527123706
+79526964476
+79526964214
+79526933601
+79526926428
+79519769286
+79519622378
+79519620275
+79519616769
+79505373786
+79505298058
+79505259455
+79505235136
+79505227708
+79505179339
+79505129315
+79505050085
+79505006100
+79505004995
+79373360118
+79373136036
+79324780042
+79324395529
+79324393496
+79324357915
+79324324688
+79324306770
+79324274464
+79324273344
+79324267950
+79324266299
+79324262249
+79324246000
+79324244380
+79324238522
+79324237690
+79324230148
+79324210757
+79324193426
+79324179259
+79324165757
+79324165082
+79324148582
+79324146433
+79324082474
+79324073933
+79324060401
+79324032305
+79324011751
+79323245841
+79322563167
+79322562551
+79322558077
+79322555533
+79322527732
+79322516743
+79322512028
+79322510976
+79322496857
+79292972515
+79292959698
+79292480888
+79292453337
+79292452552
+79292450926
+79292440042
+79292434167
+79292429981
+79292427268
+79292423344
+79292422318
+79292405409
+79292049965
+79292049218
+79277727681
+79227995020
+79227989140
+79227987133
+79227986585
+79227983206
+79227982735
+79227981775
+79227980803
+79227979194
+79227978990
+79227978403
+79227977474
+79227976583
+79227975872
+79227971933
+79227969740
+79227966573
+79227960109
+79227948000
+79227933954
+79227900329
+79227888255
+79227862043
+79227849730
+79227849455
+79227849038
+79227847605
+79227833171
+79227801900
+79227796140
+79227778822
+79227777484
+79227777059
+79227775123
+79227771050
+79227770910
+79227769295
+79227768403
+79227766531
+79227766141
+79227746046
+79227742383
+79227740625
+79227717761
+79227687368
+79227673600
+79227662230
+79227647205
+79227642983
+79227627633
+79227626232
+79227444448
+79227006454
+79226598313
+79226595341
+79226588166
+79226575758
+79226567890
+79226549366
+79226545540
+79226544145
+79226541569
+79226538847
+79226538683
+79226536219
+79226536167
+79226534289
+79226533650
+79226532763
+79226532289
+79226532215
+79226531987
+79226531350
+79226529733
+79226529048
+79226528809
+79226526951
+79226526817
+79226526547
+79226525511
+79226524651
+79226524406
+79226523874
+79226523768
+79226523724
+79226522765
+79226518280
+79226501622
+79224824685
+79224558808
+79224498470
+79224495459
+79224447768
+79224438599
+79224433563
+79224425554
+79224424910
+79224404318
+79224403198
+79224402632
+79224398988
+79224398693
+79224396875
+79224373620
+79224368833
+79224368106
+79224363315
+79224345490
+79224288835
+79224287646
+79224278411
+79224270030
+79224269666
+79224269256
+79224254200
+79224251099
+79224202414
+79224194207
+79224173834
+79224169638
+79224162644
+79224156256
+79224142010
+79224140084
+79224133082
+79224111933
+79224104108
+79224099397
+79224094007
+79224086428
+79224085379
+79224085242
+79224082416
+79224070207
+79224070026
+79224041095
+79224034300
+79224029119
+79224019796
+79224017202
+79224015057
+79224007033
+79224000272
+79224000046
+79223919119
+79222593374
+79222591536
+79222591382
+79222584008
+79222575315
+79222574187
+79222567174
+79222563465
+79222561950
+79222549414
+79222549278
+79222548463
+79222547823
+79222545610
+79222544251
+79222543773
+79222543567
+79222542289
+79222541488
+79222541360
+79222539263
+79222538880
+79222538312
+79222537978
+79222536395
+79222535855
+79222533594
+79222532593
+79222532123
+79222530813
+79222528510
+79222526054
+79222524994
+79222517075
+79222511923
+79222509172
+79222507110
+79222506037
+79222502798
+79222500000
+79222485879
+79222485078
+79222478710
+79222477222
+79222471287
+79222470024
+79222421256
+79221528546
+79220962032
+79220906969
+79220580701
+79220419667
+79220260645
+79217115100
+79203485134
+79199499909
+79195342458
+79181114156
+79174958907
+79136271221
+79129946360
+79129083808
+79129080144
+79129021315
+79129003630
+79129000201
+79129000031
+79128196987
+79128190900
+79128174241
+79128171130
+79128168982
+79128164455
+79128162244
+79128161055
+79128158367
+79128155774
+79128155656
+79128154225
+79128151009
+79128150201
+79128148666
+79128134721
+79128126698
+79128125226
+79128116716
+79128109971
+79125823625
+79125359431
+79125338100
+79125177767
+79125172301
+79125138076
+79125132929
+79125125487
+79125124668
+79125111554
+79125110099
+79125106821
+79124194989
+79124181030
+79124163106
+79124162909
+79124160232
+79124158216
+79124155450
+79124155427
+79124153904
+79124139689
+79124128571
+79124109209
+79124104303
+79122565860
+79122548802
+79120880763
+79120863932
+79120862828
+79120806448
+79097427382
+79090498783
+79090488875
+79090451205
+79090411540
+79090405055
+79090393727
+79090346060
+79088999978
+79088956269
+79088953661
+79088952257
+79088951983
+79088934625
+79088907530
+79088882202
+79088601602
+79085882595
+79068954943
+79066298885
+79058280888
+79058277292
+79048805888
+79048805391
+79048803959
+79048801200
+79048799685
+79048795177
+79048789267
+79048785043
+79048784578
+79048784571
+79048783380
+79048780608
+79048780189
+79044896777
+79044892142
+79044835085
+79044729210
+79044728002
+79044727794
+79044727698
+79044722462
+79044721776
+79044716533
+79044714404
+79044712836
+79044643459
+79044627715
+79044533544
+79028595599
+79028172818
+79028170808
+79026917878
+79026914923
+79026902666
+79026902630
+79024975222
+79024902902
+79003901927
+79003900407
+79003900099
+79003888205
+79003834492